24.820432, 121.024165
24.819712,121.023982
24.819509,121.023489
24.820282,121.022432
24.819883,121.022314
24.81982,121.021971
24.819577,121.021123
24.819126,121.020465
24.819175,121.019786
24.819252,121.018951
24.820017,121.018008
24.819708,121.017416
24.819867,121.017727
24.820345,121.016866
24.82146,121.01748
24.822672,121.018665
24.823181,121.019493
24.82255,121.021094
24.822281,121.022035
24.822597,121.023167
24.821858,121.022911
24.821239,121.022519
24.821021,121.023453
24.820513,121.024992
24.820432,121.024165
